Vertical pos MBDNS Rate (Hz) Error (Hz)
0.0 804189.1594375928 104.8140491471348
0.1 747884.4981495151 152.66686221070208
0.25 509562.81935063156 118.80909125952829
0.4 245958.23694116028 79.30505110043498
0.6 61383.247371589176 34.64513161336861
0.9 6500.4255394147185 7.475557786444354
0.0 802488.948180118 163.32806628619883
-0.1 755176.2693752978 148.82877771281426
-0.25 530983.3317650467 123.00089983420116
-0.4 269042.2275799151 84.02728731903449
-0.6 69714.39102472701 36.218137909201495
-0.9 6545.948973925843 7.567236371638479
Horizontal pos MBDNS Rate (Hz) Error (Hz)
0.0 807340.3242184751 133.75922536810762
0.1 757377.3201797281 151.2868641552776
0.25 537981.5386793053 125.61639253986606
0.4 278955.3283172542 90.45442612221062
0.6 74105.72580681992 38.445274619352155
0.9 7363.296057571289 8.061208863912137
0.0 805811.6704655373 163.6658142289964
-0.1 756703.5131833829 156.02139126841203
-0.25 536138.6049543754 120.2097524388585
-0.4 279562.4233118376 90.55281856402235
-0.6 77538.84913839096 39.32578037874483
-0.9 8703.67335193788 8.650160227500674
