Vertical pos MBDNS Rate (Hz)
0.0 1539313.8189152512
0.1 1422211.9314563742
0.25 943295.8843702561
0.4 442571.04789436253
0.6 108361.77331716538
0.9 11411.734348186352
0.0 1535754.5656974309
-0.1 1437288.7606365934
-0.25 985279.2725531784
-0.4 485286.7978136518
-0.6 123173.54865584656
-0.9 11491.705189314527
Horizontal pos MBDNS Rate (Hz)
0.0 1545914.37641731
0.1 1441844.899888331
0.25 999039.5037313261
0.4 503695.03581972385
0.6 130990.97387135944
0.9 12927.66070822729
0.0 1542711.7710482418
-0.1 1440449.877040047
-0.25 995413.7225421733
-0.4 504823.6537066618
-0.6 137107.49226813947
-0.9 15283.01441094587
