Vertical pos MBDNS Rate (Hz)
0.0 836615.8523050522
0.1 775663.2101518299
0.25 521932.3544235672
0.4 248675.94597779782
0.6 61526.03707215936
0.9 6496.829390867713
0.0 834794.1295746476
-0.1 783558.4878957187
-0.25 544467.6785519411
-0.4 272290.5147299047
-0.6 69896.36195373004
-0.9 6541.459041749027
Horizontal pos MBDNS Rate (Hz)
0.0 840043.2519251672
0.1 785917.697332572
0.25 551820.0736383484
0.4 282424.5548670189
0.6 74275.4605287771
0.9 7347.948617678881
0.0 838359.749260705
-0.1 785160.7094076509
-0.25 549863.562486782
-0.4 283070.04514258617
-0.6 77745.98164757986
-0.9 8692.497999870771
